      "geometry": {
        "type": "LineString",
        "coordinates": [
          [
            -122.06928491592406,
            36.948674258720686
          ],
          [
            -122.07218170166014,
            36.94975460152216
          ],
          [
            -122.06789016723633,
            36.94968600878393
          ],
          [
            -122.06694602966307,
            36.95057770956293
          ],
          [
            -122.06763267517088,
            36.952155308446315
          ],
          [
            -122.06746101379395,
            36.95332133879372
          ],
          [
            -122.06668853759766,
            36.95290980070949
          ],
          [
            -122.06625938415526,
            36.953664285498625
          ],
          [
            -122.06505775451659,
            36.95393864175069
          ],
          [
            -122.0647144317627,
            36.95338992825825
          ],
          [
            -122.06454277038574,
            36.95263544075127
          ],
          [
            -122.06342697143555,
            36.95263544075127
          ],
          [
            -122.06497192382811,
            36.95483029274437
          ],
          [
            -122.06497192382811,
            36.95585910784231
          ],
          [
            -122.06497192382811,
            36.95688790904189
          ],
          [
            -122.06514358520509,
            36.95819103727589
          ],
          [
            -122.06411361694336,
            36.958122452135285
          ],
          [
            -122.06274032592773,
            36.95887688528421
          ],
          [
            -122.06282615661621,
            36.95969989474023
          ],
          [
            -122.06385612487793,
            36.95969989474023
          ],
          [
            -122.06497192382811,
            36.95969989474023
          ],
          [
            -122.06497192382811,
            36.96045431226063
          ],
          [
            -122.06531524658203,
            36.9615516334927
          ],
          [
            -122.06617355346678,
            36.9625117765982
          ],
          [
            -122.06780433654785,
            36.96306042436515
          ],
          [
            -122.06926345825195,
            36.964432026485504
          ],
          [
            -122.07123756408691,
            36.97019248554982
          ],
          [
            -122.07098007202147,
            36.97691247017353
          ],
          [
            -122.06909179687501,
            36.97759814952771
          ],
          [
            -122.06677436828613,
            36.97746101415115
          ],
          [
            -122.06540107727051,
            36.97773528465714
          ],
          [
            -122.0632553100586,
            36.97828382270352
          ],
          [
            -122.0595645904541,
            36.978146688562624
          ],
          [
            -122.06007957458496,
            36.97896948970085
          ],
          [
            -122.0595645904541,
            36.979723716261766
          ],
          [
            -122.06076622009277,
            36.98088932442367
          ],
          [
            -122.06351280212402,
            36.982671984720994
          ],
          [
            -122.06746101379395,
            36.98568869930221
          ],
          [
            -122.06892013549803,
            36.98774548156736
          ],
          [
            -122.06969261169435,
            36.99220165236249
          ],
          [
            -122.0705509185791,
            36.99357272931428
          ],
          [
            -122.06909179687501,
            36.99556074698967
          ],
          [
            -122.06909179687501,
            36.99741161328061
          ],
          [
            -122.06952095031737,
            37.000839024490396
          ],
          [
            -122.07166671752931,
            37.00186721772682
          ],
          [
            -122.07338333129883,
            37.00351229798302
          ],
          [
            -122.07346916198729,
            37.004746084814784
          ],
          [
            -122.07707405090332,
            37.00460899837783
          ],
          [
            -122.07149505615233,
            37.00522588539733
          ],
          [
            -122.0657444000244,
            37.00515734264235
          ],
          [
            -122.05630302429199,
            37.00508879982559
          ],
          [
            -122.05235481262207,
            37.002347036478604
          ],
          [
            -122.05338478088379,
            37.01016080133837
          ],
          [
            -122.04952239990234,
            37.01132594307015
          ],
          [
            -122.04952239990234,
            37.010434953941015
          ],
          [
            -122.0496940612793,
            37.00926979855049
          ],
          [
            -122.0482349395752,
            37.00803608513944
          ],
          [
            -122.04626083374023,
            37.00803608513944
          ],
          [
            -122.0442008972168,
            37.00721359840751
          ],
          [
            -122.04437255859375,
            37.00604839363637
          ],
          [
            -122.04231262207031,
            37.00563714062928
          ],
          [
            -122.03724861145018,
            36.99672611249957
          ],
          [
            -122.03415870666502,
            36.992544423917685
          ],
          [
            -122.0327854156494,
            36.99384694173856
          ],
          [
            -122.03046798706055,
            36.99473812528912
          ],
          [
            -122.02892303466798,
            36.99370983565
          ],
          [
            -122.01879501342773,
            36.994943781548486
          ],
          [
            -122.01905250549318,
            36.996451910456884
          ],
          [
            -122.01416015625,
            36.99501233351135
          ],
          [
            -122.01416015625,
            36.997343063480606
          ],
          [
            -122.01175689697264,
            36.997617262309895
          ],
          [
            -122.01141357421875,
            36.99583495224574
          ],
          [
            -122.00763702392578,
            36.996109156513086
          ],
          [
            -122.00840950012206,
            36.998302755057416
          ],
          [
            -122.01210021972656,
            36.99809710788202
          ],
          [
            -122.01304435729979,
            36.99981081734932
          ],
          [
            -122.01192855834961,
            37.00268976230449
          ],
          [
            -122.01330184936523,
            37.00508879982559
          ],
          [
            -122.01519012451172,
            37.005500055799146
          ],
          [
            -122.01690673828124,
            37.00604839363637
          ],
          [
            -122.01776504516603,
            37.006459644418605
          ],
          [
            -122.01776504516603,
            37.00831024540572
          ],
          [
            -122.01639175415038,
            37.00872148395106
          ],
          [
            -122.01381683349611,
            37.010572029871476
          ],
          [
            -122.0104694366455,
            37.01050349193715
          ],
          [
            -122.0104694366455,
            37.00947541550553
          ],
          [
            -122.0104694366455,
            37.00837878531779
          ],
          [
            -122.00978279113768,
            37.009064181039236
          ],
          [
            -122.00806617736816,
            37.008790023492274
          ],
          [
            -122.00463294982912,
            37.008790023492274
          ],
          [
            -122.00566291809082,
            37.00693943418586
          ],
          [
            -122.00497627258301,
            37.006459644418605
          ],
          [
            -122.00411796569824,
            37.00529442809048
          ],
          [
            -122.00480461120605,
            37.00220994571566
          ],
          [
            -122.0038604736328,
            37.00070193100829
          ],
          [
            -122.0017147064209,
            37.00584276741093
          ],
          [
            -122.0017147064209,
            37.00865294434801
          ],
          [
            -121.99699401855469,
            37.00926979855049
          ],
          [
            -121.99699401855469,
            37.00995518623747
          ],
          [
            -121.99424743652344,
            37.009818109194526
          ],
          [
            -121.99630737304688,
            37.00604839363637
          ],
          [
            -121.99270248413085,
            37.00652818599932
          ],
          [
            -121.99295997619629,
            37.00495171400669
          ],
          [
            -121.99261665344237,
            37.003101031256165
          ],
          [
            -121.99227333068848,
            37.001661580191914
          ],
          [
            -121.99227333068848,
            36.99926243452201
          ],
          [
            -121.99150085449219,
            36.99802855869995
          ],
          [
            -121.99029922485352,
            36.996657562081595
          ],
          [
            -121.98884010314943,
            36.995492195521166
          ],
          [
            -121.98789596557617,
            36.99460102080723
          ],
          [
            -121.98875427246092,
            36.99377838872517
          ],
          [
            -121.98720932006836,
            36.99288719392807
          ],
          [
            -121.9878101348877,
            36.99179032445708
          ],
          [
            -121.98901176452637,
            36.99213309786607
          ],
          [
            -121.99038505554199,
            36.99021354687846
          ],
          [
            -121.99064254760741,
            36.98904808157193
          ],
          [
            -121.9910717010498,
            36.98774548156736
          ],
          [
            -121.99313163757324,
            36.985757259607006
          ],
          [
            -121.99390411376952,
            36.985757259607006
          ],
          [
            -121.99493408203125,
            36.98527733617594
          ],
          [
            -121.99519157409667,
            36.98363186142689
          ],
          [
            -121.99613571166992,
            36.98363186142689
          ],
          [
            -121.99682235717773,
            36.98246629527987
          ],
          [
            -121.99613571166992,
            36.98205491472938
          ],
          [
            -121.9946765899658,
            36.98205491472938
          ],
          [
            -121.99484825134277,
            36.981369275535606
          ],
          [
            -121.99630737304688,
            36.981369275535606
          ],
          [
            -121.99828147888184,
            36.98102645362173
          ],
          [
            -121.99828147888184,
            36.980203674726205
          ],
          [
            -121.9976806640625,
            36.979997978612175
          ],
          [
            -121.9962215423584,
            36.9795180188502
          ],
          [
            -121.99828147888184,
            36.9761582157479
          ],
          [
            -121.99991226196288,
            36.97320969489976
          ],
          [
            -121.99836730957031,
            36.973141123288265
          ],
          [
            -121.99913978576659,
            36.97176967808453
          ],
          [
            -122.00059890747069,
            36.97032963402413
          ],
          [
            -122.00154304504395,
            36.968409532896196
          ],
          [
            -122.00094223022461,
            36.966352227940526
          ],
          [
            -122.00077056884766,
            36.96436344696637
          ],
          [
            -122.00077056884766,
            36.96306042436515
          ],
          [
            -122.00119972229002,
            36.96148305137901
          ],
          [
            -122.00197219848634,
            36.96388338860262
          ],
          [
            -122.00222969055176,
            36.966489383334014
          ],
          [
            -122.00265884399415,
            36.96854668458301
          ],
          [
            -122.00180053710936,
            36.97094679910044
          ],
          [
            -122.00051307678221,
            36.97231825913151
          ],
          [
            -122.00291633605957,
            36.970535356272244
          ],
          [
            -122.00368881225586,
            36.96868383602274
          ],
          [
            -122.00368881225586,
            36.96669511596091
          ],
          [
            -122.00368881225586,
            36.96450060594289
          ],
          [
            -122.00308799743651,
            36.96402054844399
          ],
          [
            -122.00274467468262,
            36.96223745123212
          ],
          [
            -122.00180053710936,
            36.96066006119624
          ],
          [
            -122.00325965881346,
            36.96127730466724
          ],
          [
            -122.00669288635254,
            36.9625117765982
          ],
          [
            -122.01132774353027,
            36.96306042436515
          ],
          [
            -122.0122718811035,
            36.965529290390364
          ],
          [
            -122.01355934143065,
            36.96786092367781
          ],
          [
            -122.01845169067384,
            36.96854668458301
          ],
          [
            -122.02119827270508,
            36.96902671354086
          ],
          [
            -122.02222824096678,
            36.9710839462156
          ],
          [
            -122.02231407165526,
            36.97348398072788
          ],
          [
            -122.0225715637207,
            36.97670676516247
          ],
          [
            -122.02385902404785,
            36.97766671712333
          ],
          [
            -122.02463150024414,
            36.97890092327914
          ],
          [
            -122.02497482299806,
            36.98116358257264
          ],
          [
            -122.02591896057129,
            36.98301479922046
          ],
          [
            -122.0266056060791,
            36.984591726022344
          ],
          [
            -122.02815055847167,
            36.98740268838505
          ],
          [
            -122.02883720397948,
            36.98911663884902
          ],
          [
            -122.03038215637207,
            36.99048777141416
          ],
          [
            -122.03235626220703,
            36.99144754950325
          ],
          [
            -122.03218460083006,
            36.99055632739358
          ],
          [
            -122.02815055847167,
            36.984934531871495
          ],
          [
            -122.02488899230956,
            36.97766671712333
          ],
          [
            -122.02360153198241,
            36.973415409363525
          ],
          [
            -122.02325820922852,
            36.9698496132829
          ],
          [
            -122.02179908752441,
            36.96786092367781
          ],
          [
            -122.01939582824707,
            36.96765519420157
          ],
          [
            -122.01682090759277,
            36.96744946416934
          ],
          [
            -122.01467514038086,
            36.96703800243685
          ],
          [
            -122.01355934143065,
            36.965803603895516
          ],
          [
            -122.01398849487305,
            36.96504923937794
          ],
          [
            -122.01338768005371,
            36.96491208138983
          ],
          [
            -122.0127010345459,
            36.96408912827203
          ],
          [
            -122.0127010345459,
            36.96333474676604
          ],
          [
            -122.01467514038086,
            36.963609068178535
          ],
          [
            -122.0203399658203,
            36.962923262794064
          ],
          [
            -122.02205657958984,
            36.96237461403869
          ],
          [
            -122.02239990234375,
            36.9618945431346
          ],
          [
            -122.01845169067384,
            36.95963131095864
          ],
          [
            -122.01742172241211,
            36.958808300761326
          ],
          [
            -122.01725006103516,
            36.95736801151197
          ],
          [
            -122.01973915100099,
            36.959837062118076
          ],
          [
            -122.0221424102783,
            36.961140139883895
          ],
          [
            -122.02351570129393,
            36.96196312487763
          ],
          [
            -122.02480316162108,
            36.96072864405122
          ],
          [
            -122.02574729919434,
            36.9589454697453
          ],
          [
            -122.02506065368652,
            36.95688790904189
          ],
          [
            -122.02480316162108,
            36.955790520601525
          ],
          [
            -122.02480316162108,
            36.95462452805699
          ],
          [
            -122.02591896057129,
            36.95290980070949
          ],
          [
            -122.02634811401367,
            36.95153799103549
          ],
          [
            -122.02609062194823,
            36.95071489337165
          ],
          [
            -122.02677726745604,
            36.950783485183344
          ],
          [
            -122.02746391296385,
            36.95153799103549
          ],
          [
            -122.02935218811034,
            36.95181235494688
          ],
          [
            -122.0313262939453,
            36.95181235494688
          ],
          [
            -122.03304290771484,
            36.951949536531956
          ],
          [
            -122.03527450561522,
            36.95229248941372
          ],
          [
            -122.03742027282713,
            36.9527726208539
          ],
          [
            -122.03999519348143,
            36.9527726208539
          ],
          [
            -122.04222679138184,
            36.9525668506073
          ],
          [
            -122.04231262207031,
            36.95140080870919
          ],
          [
            -122.04411506652832,
            36.950920668621464
          ],
          [
            -122.04617500305176,
            36.94975460152216
          ],
          [
            -122.04634666442871,
            36.949480230198695
          ],
          [
            -122.04694747924805,
            36.949480230198695
          ],
          [
            -122.04806327819824,
            36.949480230198695
          ],
          [
            -122.04874992370605,
            36.949480230198695
          ],
          [
            -122.04960823059082,
            36.9491372646546
          ],
          [
            -122.04995155334471,
            36.948794297566394
          ],
          [
            -122.05106735229491,
            36.949411637213394
          ],
          [
            -122.05209732055664,
            36.94954882312219
          ],
          [
            -122.05312728881835,
            36.94954882312219
          ],
          [
            -122.05424308776855,
            36.948931484586986
          ],
          [
            -122.05561637878418,
            36.94968600878393
          ],
          [
            -122.0566463470459,
            36.949480230198695
          ],
          [
            -122.05733299255371,
            36.94900007800461
          ],
          [
            -122.05801963806152,
            36.94954882312219
          ],
          [
            -122.06025123596191,
            36.949617415983965
          ],
          [
            -122.06179618835448,
            36.94934304416637
          ],
          [
            -122.06402778625488,
            36.9491372646546
          ],
          [
            -122.06514358520509,
            36.948725703963426
          ],
          [
            -122.06591606140137,
            36.94858851657224
          ],
          [
            -122.0668601989746,
            36.949411637213394
          ],
          [
            -122.06927418708801,
            36.94866568451018
          ]
        ]
      }